1.000000e+00 0.000000e+00 0.000000e+00 0.000000e+00 0.000000e+00 1.000000e+00 0.000000e+00 0.000000e+00 0.000000e+00 0.000000e+00 1.000000e+00 0.000000e+00
1.000000e+00 9.871211e-05 1.526005e-04 1.334505e-04 -9.876137e-05 9.999999e-01 2.164450e-04 -1.423330e-04 -1.525686e-04 -2.164674e-04 9.999999e-01 -7.342758e-04
9.999999e-01 3.582867e-04 1.496729e-05 2.290663e-04 -3.583124e-04 9.999997e-01 6.089895e-04 -1.801277e-04 -1.473947e-05 -6.090025e-04 9.999998e-01 -1.918594e-03
9.999999e-01 3.884510e-04 -1.526130e-05 3.271165e-04 -3.884558e-04 9.999994e-01 1.024774e-03 -2.390824e-04 1.566500e-05 -1.024776e-03 9.999995e-01 -2.871703e-03
9.999999e-01 4.525085e-04 1.202130e-04 4.545506e-04 -4.526944e-04 9.999990e-01 1.286894e-03 -3.558385e-04 -1.196198e-04 -1.286959e-03 9.999992e-01 -3.516222e-03
1.000000e+00 2.975962e-04 1.222869e-04 5.984738e-04 -2.978323e-04 9.999985e-01 1.678301e-03 -4.054635e-04 -1.217567e-04 -1.678348e-03 9.999986e-01 -4.679218e-03
1.000000e+00 1.506357e-04 -2.299716e-04 6.844736e-04 -1.501386e-04 9.999975e-01 2.215484e-03 -4.360446e-04 2.303276e-04 -2.215466e-03 9.999975e-01 -5.419084e-03
9.999998e-01 -1.256444e-04 -7.104279e-04 8.118735e-04 1.275095e-04 9.999964e-01 2.661690e-03 -6.425232e-04 7.101211e-04 -2.661788e-03 9.999962e-01 -5.016774e-03
9.999990e-01 -4.886248e-04 -1.331926e-03 9.921192e-04 4.923905e-04 9.999959e-01 2.840595e-03 -8.504976e-04 1.330558e-03 -2.841275e-03 9.999951e-01 -4.851506e-03
9.999982e-01 -3.508764e-04 -1.872194e-03 1.269669e-03 3.560783e-04 9.999961e-01 2.789630e-03 -1.184826e-03 1.871231e-03 -2.790309e-03 9.999943e-01 -4.792178e-03
9.999975e-01 -6.588837e-04 -2.138696e-03 1.605165e-03 6.643348e-04 9.999965e-01 2.561122e-03 -1.539325e-03 2.137031e-03 -2.562561e-03 9.999944e-01 -5.702351e-03
9.999957e-01 -1.197694e-03 -2.659144e-03 1.889580e-03 1.203406e-03 9.999970e-01 2.155982e-03 -1.947242e-03 2.656581e-03 -2.159194e-03 9.999941e-01 -6.553441e-03
9.999958e-01 -1.524678e-03 -2.456615e-03 2.239735e-03 1.529340e-03 9.999970e-01 1.903707e-03 -2.236064e-03 2.453743e-03 -1.907468e-03 9.999951e-01 -7.495231e-03
9.999952e-01 -2.409106e-03 -1.886619e-03 2.579046e-03 2.412330e-03 9.999956e-01 1.714462e-03 -2.464502e-03 1.882526e-03 -1.718995e-03 9.999967e-01 -8.856675e-03
9.999958e-01 -2.655891e-03 -1.067727e-03 2.903600e-03 2.657462e-03 9.999954e-01 1.473237e-03 -2.777970e-03 1.063858e-03 -1.476047e-03 9.999983e-01 -9.880646e-03
9.999949e-01 -3.083678e-03 -7.933880e-04 3.173439e-03 3.084836e-03 9.999942e-01 1.463467e-03 -3.090156e-03 7.889189e-04 -1.465896e-03 9.999985e-01 -9.571625e-03
9.999937e-01 -3.489082e-03 -5.565596e-04 3.379243e-03 3.489986e-03 9.999926e-01 1.630977e-03 -3.273895e-03 5.509161e-04 -1.632901e-03 9.999984e-01 -1.029347e-02
9.999932e-01 -3.659024e-03 8.744983e-05 3.600348e-03 3.658872e-03 9.999919e-01 1.675625e-03 -3.401262e-03 -9.352954e-05 -1.675278e-03 9.999985e-01 -1.133718e-02
9.999942e-01 -3.341933e-03 6.211200e-04 3.709140e-03 3.340806e-03 9.999928e-01 1.819686e-03 -3.479805e-03 -6.271515e-04 -1.817565e-03 9.999981e-01 -1.219665e-02
9.999960e-01 -2.772957e-03 4.476912e-04 3.765466e-03 2.771914e-03 9.999935e-01 2.326284e-03 -3.523129e-03 -4.541007e-04 -2.325000e-03 9.999971e-01 -1.275158e-02
9.999984e-01 -1.725200e-03 4.514987e-04 3.826503e-03 1.724002e-03 9.999950e-01 2.653232e-03 -3.586994e-03 -4.560393e-04 -2.652416e-03 9.999963e-01 -1.337795e-02
9.999993e-01 -1.006071e-03 5.172997e-04 3.936888e-03 1.004560e-03 9.999952e-01 2.925673e-03 -3.647987e-03 -5.202061e-04 -2.925118e-03 9.999955e-01 -1.437691e-02
9.999997e-01 -4.797462e-04 5.703869e-04 4.044146e-03 4.779151e-04 9.999947e-01 3.216765e-03 -3.669742e-03 -5.718957e-04 -3.216457e-03 9.999946e-01 -1.550849e-02
9.999998e-01 1.014946e-05 5.951911e-04 4.129424e-03 -1.231500e-05 9.999933e-01 3.646748e-03 -3.642406e-03 -5.950935e-04 -3.646722e-03 9.999930e-01 -1.674071e-02
9.999996e-01 -6.824833e-04 4.814741e-04 4.313437e-03 6.806560e-04 9.999926e-01 3.793101e-03 -3.689952e-03 -4.839953e-04 -3.792734e-03 9.999926e-01 -1.803466e-02
9.999985e-01 -1.677724e-03 5.175024e-04 4.543773e-03 1.675692e-03 9.999910e-01 3.909634e-03 -3.832327e-03 -5.239870e-04 -3.908724e-03 9.999921e-01 -1.900547e-02
9.999966e-01 -2.537826e-03 6.755717e-04 4.741325e-03 2.535149e-03 9.999890e-01 3.941094e-03 -3.970939e-03 -6.854942e-04 -3.939341e-03 9.999919e-01 -2.005137e-02
9.999933e-01 -3.547911e-03 9.249598e-04 4.914723e-03 3.544275e-03 9.999861e-01 3.908029e-03 -4.220197e-03 -9.387408e-04 -3.904700e-03 9.999918e-01 -2.080671e-02
9.999885e-01 -4.641443e-03 1.192363e-03 5.163945e-03 4.637008e-03 9.999825e-01 3.699377e-03 -4.470048e-03 -1.209441e-03 -3.693782e-03 9.999923e-01 -2.159604e-02
9.999859e-01 -5.178482e-03 1.142662e-03 5.323668e-03 5.174696e-03 9.999813e-01 3.294537e-03 -4.862572e-03 -1.159619e-03 -3.288555e-03 9.999938e-01 -2.197955e-02
9.999819e-01 -5.819042e-03 1.504047e-03 5.528792e-03 5.814353e-03 9.999783e-01 3.106679e-03 -5.087475e-03 -1.522006e-03 -3.097847e-03 9.999940e-01 -2.295335e-02
9.999783e-01 -6.135448e-03 2.416039e-03 5.796117e-03 6.128522e-03 9.999772e-01 2.862495e-03 -5.330368e-03 -2.433463e-03 -2.847607e-03 9.999929e-01 -2.381973e-02
9.999766e-01 -5.776504e-03 3.651231e-03 6.085315e-03 5.767372e-03 9.999803e-01 2.506261e-03 -5.555011e-03 -3.665554e-03 -2.485126e-03 9.999901e-01 -2.489510e-02
9.999783e-01 -4.906612e-03 4.384924e-03 6.211736e-03 4.895791e-03 9.999851e-01 2.474797e-03 -5.683221e-03 -4.396918e-03 -2.453266e-03 9.999872e-01 -2.609715e-02
9.999816e-01 -3.470799e-03 4.967129e-03 6.263240e-03 3.457423e-03 9.999905e-01 2.698198e-03 -5.733192e-03 -4.976358e-03 -2.680982e-03 9.999840e-01 -2.743957e-02
9.999823e-01 -2.103522e-03 5.547251e-03 6.316051e-03 2.087441e-03 9.999937e-01 2.902186e-03 -5.791539e-03 -5.553229e-03 -2.890567e-03 9.999804e-01 -2.865294e-02
9.999817e-01 -1.065137e-04 6.046573e-03 6.338654e-03 8.702120e-05 9.999949e-01 3.223273e-03 -5.813890e-03 -6.046803e-03 -3.222686e-03 9.999765e-01 -3.030523e-02
9.999759e-01 1.224525e-03 6.834565e-03 6.378461e-03 -1.248731e-03 9.999931e-01 3.537938e-03 -5.813864e-03 -6.830101e-03 -3.546388e-03 9.999703e-01 -3.179818e-02
9.999693e-01 2.236823e-03 7.491771e-03 6.422257e-03 -2.266315e-03 9.999898e-01 3.928630e-03 -5.852065e-03 -7.482810e-03 -3.945511e-03 9.999642e-01 -3.296076e-02
9.999600e-01 3.439386e-03 8.247717e-03 6.471057e-03 -3.474210e-03 9.999852e-01 4.209557e-03 -5.869639e-03 -8.233012e-03 -4.238084e-03 9.999570e-01 -3.443783e-02
9.999506e-01 4.222065e-03 8.988714e-03 6.518350e-03 -4.260763e-03 9.999818e-01 4.288200e-03 -5.956113e-03 -8.970340e-03 -4.326340e-03 9.999503e-01 -3.584385e-02
9.999452e-01 4.232396e-03 9.561342e-03 6.663233e-03 -4.273784e-03 9.999817e-01 4.310302e-03 -6.131381e-03 -9.542818e-03 -4.350983e-03 9.999449e-01 -3.642467e-02
9.999441e-01 3.448139e-03 9.977015e-03 6.771947e-03 -3.490016e-03 9.999853e-01 4.181084e-03 -6.370412e-03 -9.962342e-03 -4.215713e-03 9.999413e-01 -3.665904e-02
9.999428e-01 2.477058e-03 1.038516e-02 6.894697e-03 -2.518136e-03 9.999891e-01 3.942687e-03 -6.653360e-03 -1.037516e-02 -3.968649e-03 9.999381e-01 -3.672096e-02
9.999418e-01 1.321218e-03 1.068637e-02 7.020138e-03 -1.360112e-03 9.999926e-01 3.631772e-03 -7.034152e-03 -1.068138e-02 -3.646127e-03 9.999361e-01 -3.671689e-02
9.999471e-01 3.861414e-04 1.026880e-02 7.130162e-03 -4.189789e-04 9.999949e-01 3.195223e-03 -7.493461e-03 -1.026742e-02 -3.199370e-03 9.999420e-01 -3.647023e-02
9.999434e-01 9.671105e-05 1.062582e-02 7.318702e-03 -1.275076e-04 9.999959e-01 2.898948e-03 -7.949181e-03 -1.062539e-02 -2.900133e-03 9.999392e-01 -3.612528e-02
9.999363e-01 2.655389e-04 1.126558e-02 7.518528e-03 -2.958716e-04 9.999964e-01 2.692086e-03 -8.388136e-03 -1.126471e-02 -2.695242e-03 9.999327e-01 -3.605876e-02
9.999362e-01 9.777839e-04 1.123791e-02 7.617400e-03 -1.009629e-03 9.999956e-01 2.829485e-03 -8.630012e-03 -1.123499e-02 -2.840646e-03 9.999327e-01 -3.624166e-02
9.999308e-01 1.989175e-03 1.158585e-02 7.662114e-03 -2.025069e-03 9.999933e-01 3.088414e-03 -8.699581e-03 -1.157953e-02 -3.111651e-03 9.999279e-01 -3.735729e-02
9.999241e-01 2.977095e-03 1.195006e-02 7.703116e-03 -3.017369e-03 9.999899e-01 3.354723e-03 -8.798667e-03 -1.193985e-02 -3.390516e-03 9.999227e-01 -3.821453e-02
9.999151e-01 4.196422e-03 1.233153e-02 7.691503e-03 -4.245241e-03 9.999833e-01 3.936033e-03 -8.887953e-03 -1.231470e-02 -3.988048e-03 9.999160e-01 -3.920664e-02
9.999048e-01 5.568156e-03 1.261321e-02 7.668781e-03 -5.622779e-03 9.999750e-01 4.299867e-03 -8.930135e-03 -1.258883e-02 -4.370385e-03 9.999110e-01 -4.055785e-02
9.998920e-01 6.589061e-03 1.312441e-02 7.686560e-03 -6.650466e-03 9.999671e-01 4.641045e-03 -8.971439e-03 -1.309327e-02 -4.727833e-03 9.999029e-01 -4.222509e-02
9.998817e-01 7.556049e-03 1.339151e-02 7.706797e-03 -7.627758e-03 9.999569e-01 5.312716e-03 -9.013716e-03 -1.335068e-02 -5.414232e-03 9.998960e-01 -4.404345e-02
9.998748e-01 8.542004e-03 1.331450e-02 7.675450e-03 -8.623276e-03 9.999445e-01 6.059516e-03 -9.026243e-03 -1.326190e-02 -6.173571e-03 9.998928e-01 -4.527428e-02
9.998646e-01 9.500587e-03 1.343079e-02 7.672488e-03 -9.588642e-03 9.999329e-01 6.507767e-03 -9.074404e-03 -1.336795e-02 -6.635671e-03 9.998884e-01 -4.667657e-02
9.998545e-01 1.032803e-02 1.357065e-02 7.702096e-03 -1.042045e-02 9.999229e-01 6.757716e-03 -9.181062e-03 -1.349971e-02 -6.898139e-03 9.998848e-01 -4.788066e-02
9.998414e-01 1.110613e-02 1.391543e-02 7.770977e-03 -1.120234e-02 9.999138e-01 6.856658e-03 -9.328346e-03 -1.383798e-02 -7.011442e-03 9.998794e-01 -4.885924e-02
9.998402e-01 1.118572e-02 1.394314e-02 7.815829e-03 -1.128330e-02 9.999123e-01 6.940494e-03 -9.495031e-03 -1.386419e-02 -7.096693e-03 9.998785e-01 -4.957707e-02
9.998511e-01 1.077321e-02 1.347752e-02 7.850449e-03 -1.086794e-02 9.999167e-01 6.976370e-03 -9.750068e-03 -1.340114e-02 -7.121773e-03 9.998846e-01 -5.005988e-02
9.998560e-01 1.063926e-02 1.321413e-02 7.910908e-03 -1.072664e-02 9.999211e-01 6.561680e-03 -1.002090e-02 -1.314319e-02 -6.702445e-03 9.998909e-01 -5.026348e-02
9.998558e-01 1.077057e-02 1.312620e-02 7.986577e-03 -1.085410e-02 9.999213e-01 6.310100e-03 -1.028342e-02 -1.305712e-02 -6.451625e-03 9.998937e-01 -5.042899e-02
9.998567e-01 1.088645e-02 1.296513e-02 8.073599e-03 -1.096531e-02 9.999218e-01 6.028430e-03 -1.058666e-02 -1.289841e-02 -6.169695e-03 9.998975e-01 -5.025079e-02
9.998452e-01 1.148798e-02 1.332612e-02 8.157765e-03 -1.156862e-02 9.999152e-01 5.991477e-03 -1.073435e-02 -1.325608e-02 -6.144669e-03 9.998930e-01 -5.102090e-02
9.998377e-01 1.212944e-02 1.331923e-02 8.237942e-03 -1.221113e-02 9.999071e-01 6.069856e-03 -1.084693e-02 -1.324429e-02 -6.231468e-03 9.998926e-01 -5.155518e-02
9.998223e-01 1.321714e-02 1.343931e-02 8.291948e-03 -1.330535e-02 9.998904e-01 6.496321e-03 -1.091571e-02 -1.335188e-02 -6.673939e-03 9.998883e-01 -5.247008e-02
9.998010e-01 1.457022e-02 1.361928e-02 8.298153e-03 -1.466800e-02 9.998672e-01 7.108404e-03 -1.097503e-02 -1.351380e-02 -7.306715e-03 9.998817e-01 -5.362321e-02
9.997790e-01 1.579659e-02 1.386599e-02 8.321415e-03 -1.590515e-02 9.998434e-01 7.755180e-03 -1.106178e-02 -1.374120e-02 -7.973967e-03 9.998735e-01 -5.473767e-02
9.997669e-01 1.673889e-02 1.363510e-02 8.299929e-03 -1.685631e-02 9.998214e-01 8.543054e-03 -1.109300e-02 -1.348957e-02 -8.770864e-03 9.998702e-01 -5.564299e-02
9.997538e-01 1.751849e-02 1.361846e-02 8.292661e-03 -1.764763e-02 9.997999e-01 9.421166e-03 -1.109387e-02 -1.345058e-02 -9.659142e-03 9.998626e-01 -5.698936e-02
9.997404e-01 1.815837e-02 1.376376e-02 8.328406e-03 -1.829500e-02 9.997839e-01 9.867720e-03 -1.110854e-02 -1.358152e-02 -1.011692e-02 9.998562e-01 -5.842805e-02
9.997232e-01 1.875916e-02 1.419937e-02 8.409147e-03 -1.890567e-02 9.997687e-01 1.025564e-02 -1.119566e-02 -1.400361e-02 -1.052121e-02 9.998462e-01 -5.966825e-02
9.997077e-01 1.924031e-02 1.464378e-02 8.494811e-03 -1.939759e-02 9.997549e-01 1.067617e-02 -1.132690e-02 -1.443469e-02 -1.095706e-02 9.998354e-01 -6.047371e-02
9.996871e-01 1.980529e-02 1.527876e-02 8.595887e-03 -1.997467e-02 9.997398e-01 1.101555e-02 -1.153442e-02 -1.505654e-02 -1.131724e-02 9.998223e-01 -6.103003e-02
9.996646e-01 2.035026e-02 1.602123e-02 8.729795e-03 -2.053171e-02 9.997260e-01 1.124422e-02 -1.179947e-02 -1.578793e-02 -1.156936e-02 9.998081e-01 -6.133587e-02
9.996362e-01 2.081432e-02 1.715366e-02 8.916866e-03 -2.101153e-02 9.997143e-01 1.139760e-02 -1.205171e-02 -1.691144e-02 -1.175386e-02 9.997876e-01 -6.217209e-02
9.996106e-01 2.136956e-02 1.794292e-02 9.070363e-03 -2.158210e-02 9.996982e-01 1.173662e-02 -1.232292e-02 -1.768661e-02 -1.211928e-02 9.997698e-01 -6.284271e-02
9.995844e-01 2.183378e-02 1.882392e-02 9.249873e-03 -2.206326e-02 9.996837e-01 1.207114e-02 -1.258266e-02 -1.855431e-02 -1.248142e-02 9.997497e-01 -6.351578e-02
9.995440e-01 2.260587e-02 2.001792e-02 9.454742e-03 -2.285464e-02 9.996633e-01 1.228803e-02 -1.281183e-02 -1.973331e-02 -1.273988e-02 9.997239e-01 -6.458429e-02
9.995029e-01 2.344304e-02 2.108404e-02 9.604254e-03 -2.371246e-02 9.996392e-01 1.262157e-02 -1.301318e-02 -2.078046e-02 -1.311518e-02 9.996978e-01 -6.547933e-02
9.994689e-01 2.439301e-02 2.160776e-02 9.624935e-03 -2.468188e-02 9.996082e-01 1.320573e-02 -1.311897e-02 -2.127709e-02 -1.373196e-02 9.996791e-01 -6.666643e-02
9.994342e-01 2.563038e-02 2.178001e-02 9.568568e-03 -2.594540e-02 9.995610e-01 1.430751e-02 -1.321588e-02 -2.140365e-02 -1.486443e-02 9.996602e-01 -6.776397e-02
9.994041e-01 2.684012e-02 2.170516e-02 9.540561e-03 -2.717376e-02 9.995147e-01 1.522686e-02 -1.332268e-02 -2.128584e-02 -1.580752e-02 9.996482e-01 -6.888477e-02
9.993762e-01 2.782308e-02 2.175311e-02 9.519016e-03 -2.817350e-02 9.994754e-01 1.597321e-02 -1.337411e-02 -2.129718e-02 -1.657603e-02 9.996355e-01 -7.033488e-02
9.993506e-01 2.868658e-02 2.180552e-02 9.509702e-03 -2.905206e-02 9.994395e-01 1.663451e-02 -1.336863e-02 -2.131603e-02 -1.725713e-02 9.996236e-01 -7.206761e-02
9.993359e-01 2.914991e-02 2.186421e-02 9.541013e-03 -2.952618e-02 9.994179e-01 1.708928e-02 -1.340129e-02 -2.135323e-02 -1.772343e-02 9.996146e-01 -7.369422e-02
9.993381e-01 2.916564e-02 2.174326e-02 9.635339e-03 -2.954802e-02 9.994106e-01 1.747755e-02 -1.343633e-02 -2.122060e-02 -1.810837e-02 9.996105e-01 -7.506276e-02
9.993435e-01 2.906848e-02 2.162731e-02 9.709984e-03 -2.945815e-02 9.994053e-01 1.792300e-02 -1.346215e-02 -2.109335e-02 -1.854826e-02 9.996052e-01 -7.637162e-02
9.993509e-01 2.887016e-02 2.154963e-02 9.804280e-03 -2.926476e-02 9.994055e-01 1.822640e-02 -1.350036e-02 -2.101052e-02 -1.884514e-02 9.996013e-01 -7.762103e-02
9.993538e-01 2.854176e-02 2.185025e-02 9.930885e-03 -2.894903e-02 9.994086e-01 1.855464e-02 -1.362253e-02 -2.130767e-02 -1.917510e-02 9.995887e-01 -7.827713e-02
9.993589e-01 2.807300e-02 2.222183e-02 1.010787e-02 -2.848938e-02 9.994201e-01 1.864767e-02 -1.379673e-02 -2.168537e-02 -1.926872e-02 9.995788e-01 -7.894904e-02
9.993685e-01 2.772333e-02 2.222953e-02 1.028721e-02 -2.814123e-02 9.994288e-01 1.871171e-02 -1.402264e-02 -2.169799e-02 -1.932538e-02 9.995775e-01 -7.907739e-02
9.993809e-01 2.737745e-02 2.209998e-02 1.044160e-02 -2.779573e-02 9.994359e-01 1.884621e-02 -1.422665e-02 -2.157146e-02 -1.944873e-02 9.995778e-01 -7.948698e-02
9.993791e-01 2.730764e-02 2.226633e-02 1.055844e-02 -2.773399e-02 9.994334e-01 1.906765e-02 -1.436131e-02 -2.173293e-02 -1.967324e-02 9.995699e-01 -8.043462e-02
9.993742e-01 2.747346e-02 2.228251e-02 1.062988e-02 -2.791072e-02 9.994191e-01 1.955411e-02 -1.447311e-02 -2.173227e-02 -2.016369e-02 9.995602e-01 -8.117097e-02
9.993732e-01 2.750035e-02 2.229671e-02 1.071142e-02 -2.794979e-02 9.994071e-01 2.010130e-02 -1.454265e-02 -2.173062e-02 -2.071178e-02 9.995490e-01 -8.249852e-02
9.993677e-01 2.776901e-02 2.220705e-02 1.074895e-02 -2.823286e-02 9.993838e-01 2.085227e-02 -1.457782e-02 -2.161426e-02 -2.146595e-02 9.995356e-01 -8.399580e-02
9.993602e-01 2.821729e-02 2.198074e-02 1.077423e-02 -2.869883e-02 9.993480e-01 2.190725e-02 -1.459209e-02 -2.134817e-02 -2.252394e-02 9.995180e-01 -8.553748e-02
9.993495e-01 2.879293e-02 2.171747e-02 1.077204e-02 -2.928558e-02 9.993129e-01 2.271681e-02 -1.461001e-02 -2.104838e-02 -2.333794e-02 9.995057e-01 -8.709690e-02
9.993397e-01 2.935196e-02 2.142129e-02 1.076834e-02 -2.985507e-02 9.992767e-01 2.355496e-02 -1.463697e-02 -2.071436e-02 -2.417884e-02 9.994928e-01 -8.845140e-02
9.993182e-01 2.998965e-02 2.154074e-02 1.076994e-02 -3.051310e-02 9.992366e-01 2.439517e-02 -1.468828e-02 -2.079262e-02 -2.503571e-02 9.994700e-01 -8.982353e-02
9.993184e-01 2.999746e-02 2.151756e-02 1.081234e-02 -3.053296e-02 9.992210e-01 2.500335e-02 -1.471412e-02 -2.075068e-02 -2.564320e-02 9.994555e-01 -9.134015e-02
9.993219e-01 2.986586e-02 2.154195e-02 1.087973e-02 -3.041049e-02 9.992144e-01 2.541165e-02 -1.476094e-02 -2.076602e-02 -2.604942e-02 9.994447e-01 -9.284361e-02
9.993288e-01 2.975800e-02 2.136870e-02 1.093195e-02 -3.030474e-02 9.992094e-01 2.573249e-02 -1.481478e-02 -2.058599e-02 -2.636269e-02 9.994402e-01 -9.387959e-02
9.993390e-01 2.950831e-02 2.123798e-02 1.101479e-02 -3.005574e-02 9.992117e-01 2.593303e-02 -1.488625e-02 -2.045594e-02 -2.655411e-02 9.994378e-01 -9.473468e-02
9.993451e-01 2.897707e-02 2.167753e-02 1.116107e-02 -2.953985e-02 9.992227e-01 2.610548e-02 -1.501796e-02 -2.090414e-02 -2.672864e-02 9.994239e-01 -9.545629e-02
9.993552e-01 2.826138e-02 2.215229e-02 1.134562e-02 -2.883668e-02 9.992435e-01 2.609332e-02 -1.517194e-02 -2.139802e-02 -2.671522e-02 9.994138e-01 -9.615607e-02
9.993626e-01 2.773388e-02 2.248511e-02 1.152535e-02 -2.831892e-02 9.992574e-01 2.612987e-02 -1.531366e-02 -2.174366e-02 -2.674990e-02 9.994054e-01 -9.670584e-02
9.993678e-01 2.738330e-02 2.268120e-02 1.168927e-02 -2.797637e-02 9.992638e-01 2.625521e-02 -1.548564e-02 -2.194546e-02 -2.687310e-02 9.993977e-01 -9.713902e-02
9.993802e-01 2.719563e-02 2.235913e-02 1.184354e-02 -2.778265e-02 9.992661e-01 2.637436e-02 -1.570330e-02 -2.162536e-02 -2.697915e-02 9.994018e-01 -9.786475e-02
9.993855e-01 2.698143e-02 2.238374e-02 1.195411e-02 -2.757497e-02 9.992647e-01 2.664356e-02 -1.579845e-02 -2.164831e-02 -2.724436e-02 9.993941e-01 -9.867677e-02
9.993915e-01 2.703495e-02 2.204820e-02 1.203462e-02 -2.762890e-02 9.992511e-01 2.709239e-02 -1.586723e-02 -2.129916e-02 -2.768501e-02 9.993895e-01 -9.930916e-02
9.993918e-01 2.727437e-02 2.173852e-02 1.208319e-02 -2.787437e-02 9.992251e-01 2.779030e-02 -1.594215e-02 -2.096363e-02 -2.837929e-02 9.993771e-01 -1.001493e-01
9.993911e-01 2.765522e-02 2.128324e-02 1.208760e-02 -2.825691e-02 9.991943e-01 2.850542e-02 -1.599360e-02 -2.047770e-02 -2.908942e-02 9.993668e-01 -1.010871e-01
9.993920e-01 2.792556e-02 2.088677e-02 1.213737e-02 -2.852011e-02 9.991805e-01 2.872699e-02 -1.602197e-02 -2.006738e-02 -2.930519e-02 9.993689e-01 -1.022643e-01
9.993953e-01 2.804239e-02 2.056747e-02 1.219379e-02 -2.863375e-02 9.991681e-01 2.904100e-02 -1.607030e-02 -1.973592e-02 -2.961233e-02 9.993664e-01 -1.034681e-01
9.994048e-01 2.794615e-02 2.023682e-02 1.227146e-02 -2.852896e-02 9.991693e-01 2.910348e-02 -1.611162e-02 -1.940661e-02 -2.966346e-02 9.993713e-01 -1.049119e-01
9.994119e-01 2.796471e-02 1.985708e-02 1.233105e-02 -2.854136e-02 9.991610e-01 2.937283e-02 -1.613755e-02 -1.901896e-02 -2.992227e-02 9.993711e-01 -1.060572e-01
9.994191e-01 2.798353e-02 1.946396e-02 1.240107e-02 -2.855149e-02 9.991559e-01 2.953939e-02 -1.616512e-02 -1.862085e-02 -3.007792e-02 9.993739e-01 -1.072348e-01
9.994069e-01 2.847739e-02 1.937261e-02 1.250363e-02 -2.904334e-02 9.991403e-01 2.958635e-02 -1.629663e-02 -1.851335e-02 -3.013141e-02 9.993742e-01 -1.080290e-01
9.993988e-01 2.884886e-02 1.924048e-02 1.261494e-02 -2.940905e-02 9.991323e-01 2.949513e-02 -1.641485e-02 -1.837281e-02 -3.004322e-02 9.993795e-01 -1.091177e-01
9.993879e-01 2.926480e-02 1.917867e-02 1.274138e-02 -2.982209e-02 9.991215e-01 2.944426e-02 -1.658574e-02 -1.830008e-02 -2.999816e-02 9.993822e-01 -1.098319e-01
9.993860e-01 2.928498e-02 1.924586e-02 1.296442e-02 -2.984128e-02 9.991258e-01 2.927995e-02 -1.678483e-02 -1.837151e-02 -2.983626e-02 9.993857e-01 -1.105569e-01
9.993709e-01 2.947538e-02 1.973032e-02 1.326973e-02 -3.004208e-02 9.991259e-01 2.906839e-02 -1.703932e-02 -1.885621e-02 -2.964283e-02 9.993824e-01 -1.113693e-01
9.993580e-01 2.974045e-02 1.998596e-02 1.359333e-02 -3.031155e-02 9.991225e-01 2.890461e-02 -1.731860e-02 -1.910871e-02 -2.949183e-02 9.993821e-01 -1.120608e-01
9.993483e-01 3.004368e-02 2.001515e-02 1.376674e-02 -3.062012e-02 9.991063e-01 2.914200e-02 -1.751876e-02 -1.912167e-02 -2.973584e-02 9.993746e-01 -1.124237e-01
9.993503e-01 3.031607e-02 1.949950e-02 1.379845e-02 -3.088398e-02 9.990873e-01 2.951149e-02 -1.761570e-02 -1.858697e-02 -3.009450e-02 9.993740e-01 -1.128433e-01
9.993407e-01 3.077407e-02 1.927133e-02 1.387730e-02 -3.133825e-02 9.990679e-01 2.968854e-02 -1.774516e-02 -1.833969e-02 -3.027288e-02 9.993732e-01 -1.134942e-01
9.993390e-01 3.108460e-02 1.885976e-02 1.389531e-02 -3.164215e-02 9.990484e-01 3.001856e-02 -1.782881e-02 -1.790867e-02 -3.059546e-02 9.993712e-01 -1.145749e-01
9.993367e-01 3.141063e-02 1.843719e-02 1.390023e-02 -3.196518e-02 9.990208e-01 3.059192e-02 -1.788943e-02 -1.745820e-02 -3.116097e-02 9.993617e-01 -1.155650e-01
9.993434e-01 3.139694e-02 1.809625e-02 1.394802e-02 -3.194774e-02 9.990090e-01 3.099140e-02 -1.794490e-02 -1.710525e-02 -3.154917e-02 9.993557e-01 -1.168088e-01
9.993327e-01 3.172719e-02 1.810870e-02 1.401862e-02 -3.228285e-02 9.989899e-01 3.125913e-02 -1.804682e-02 -1.709859e-02 -3.182286e-02 9.993471e-01 -1.182035e-01
9.993324e-01 3.192885e-02 1.776753e-02 1.406027e-02 -3.247994e-02 9.989715e-01 3.164005e-02 -1.808497e-02 -1.673896e-02 -3.219600e-02 9.993412e-01 -1.195109e-01
9.993317e-01 3.206463e-02 1.755828e-02 1.411735e-02 -3.261484e-02 9.989557e-01 3.199893e-02 -1.813276e-02 -1.651383e-02 -3.255018e-02 9.993334e-01 -1.210967e-01
9.993135e-01 3.254136e-02 1.772062e-02 1.416120e-02 -3.309619e-02 9.989408e-01 3.196980e-02 -1.819684e-02 -1.666143e-02 -3.253431e-02 9.993315e-01 -1.229960e-01
9.993066e-01 3.281208e-02 1.760890e-02 1.421876e-02 -3.336255e-02 9.989331e-01 3.193195e-02 -1.826040e-02 -1.654229e-02 -3.249725e-02 9.993347e-01 -1.246415e-01
9.992903e-01 3.325632e-02 1.769752e-02 1.427925e-02 -3.380846e-02 9.989201e-01 3.186924e-02 -1.836328e-02 -1.661848e-02 -3.244491e-02 9.993351e-01 -1.261405e-01
9.992770e-01 3.337689e-02 1.820963e-02 1.445531e-02 -3.394252e-02 9.989213e-01 3.168945e-02 -1.852816e-02 -1.713223e-02 -3.228460e-02 9.993316e-01 -1.277674e-01
9.992587e-01 3.347178e-02 1.902345e-02 1.471163e-02 -3.406045e-02 9.989230e-01 3.150985e-02 -1.879034e-02 -1.794820e-02 -3.213442e-02 9.993221e-01 -1.291310e-01
9.992395e-01 3.357574e-02 1.983041e-02 1.491298e-02 -3.418824e-02 9.989221e-01 3.139929e-02 -1.899761e-02 -1.875471e-02 -3.205336e-02 9.993099e-01 -1.301979e-01
9.992206e-01 3.359955e-02 2.072229e-02 1.512235e-02 -3.423720e-02 9.989259e-01 3.122322e-02 -1.919983e-02 -1.965088e-02 -3.190835e-02 9.992973e-01 -1.312376e-01
9.992041e-01 3.355536e-02 2.157128e-02 1.531566e-02 -3.421852e-02 9.989290e-01 3.114464e-02 -1.942968e-02 -2.050304e-02 -3.185798e-02 9.992818e-01 -1.324336e-01
9.991795e-01 3.382340e-02 2.227926e-02 1.550788e-02 -3.451123e-02 9.989158e-01 3.124686e-02 -1.960811e-02 -2.119816e-02 -3.199010e-02 9.992631e-01 -1.337413e-01
9.991664e-01 3.398031e-02 2.262766e-02 1.566286e-02 -3.468478e-02 9.989017e-01 3.150248e-02 -1.973101e-02 -2.153228e-02 -3.226105e-02 9.992472e-01 -1.352224e-01
9.991633e-01 3.409222e-02 2.259386e-02 1.574107e-02 -3.480869e-02 9.988780e-01 3.211288e-02 -1.980590e-02 -2.147364e-02 -3.287247e-02 9.992285e-01 -1.370402e-01
9.991648e-01 3.423712e-02 2.230567e-02 1.580586e-02 -3.495769e-02 9.988520e-01 3.275507e-02 -1.984505e-02 -2.115856e-02 -3.350747e-02 9.992142e-01 -1.389259e-01
9.991680e-01 3.432574e-02 2.202814e-02 1.590142e-02 -3.504768e-02 9.988319e-01 3.326731e-02 -1.990210e-02 -2.086042e-02 -3.401167e-02 9.992034e-01 -1.410092e-01
9.991773e-01 3.431399e-02 2.162049e-02 1.600964e-02 -3.502807e-02 9.988227e-01 3.356041e-02 -1.994954e-02 -2.044339e-02 -3.429012e-02 9.992025e-01 -1.429703e-01
9.991835e-01 3.440218e-02 2.118631e-02 1.610461e-02 -3.511073e-02 9.988039e-01 3.403114e-02 -2.000409e-02 -1.999016e-02 -3.474721e-02 9.991958e-01 -1.451252e-01
9.991911e-01 3.443313e-02 2.077600e-02 1.618592e-02 -3.513522e-02 9.987894e-01 3.443071e-02 -2.009012e-02 -1.956522e-02 -3.513282e-02 9.991908e-01 -1.472650e-01
9.991955e-01 3.449312e-02 2.045848e-02 1.626785e-02 -3.518786e-02 9.987807e-01 3.462918e-02 -2.018311e-02 -1.923900e-02 -3.532121e-02 9.991905e-01 -1.491741e-01
9.991951e-01 3.463985e-02 2.023116e-02 1.637995e-02 -3.532578e-02 9.987771e-01 3.459087e-02 -2.031334e-02 -1.900814e-02 -3.527769e-02 9.991964e-01 -1.506377e-01
9.992004e-01 3.460603e-02 2.002518e-02 1.651656e-02 -3.528109e-02 9.987853e-01 3.439787e-02 -2.046481e-02 -1.881042e-02 -3.507686e-02 9.992072e-01 -1.518604e-01
9.991966e-01 3.459065e-02 2.023728e-02 1.670833e-02 -3.526730e-02 9.987964e-01 3.408978e-02 -2.064713e-02 -1.903367e-02 -3.477609e-02 9.992135e-01 -1.538403e-01
9.991945e-01 3.448680e-02 2.051901e-02 1.688198e-02 -3.516933e-02 9.988068e-01 3.388450e-02 -2.082004e-02 -1.932590e-02 -3.457884e-02 9.992147e-01 -1.558097e-01
9.991859e-01 3.453029e-02 2.086102e-02 1.713061e-02 -3.521909e-02 9.988146e-01 3.360361e-02 -2.107153e-02 -1.967589e-02 -3.431095e-02 9.992171e-01 -1.576782e-01
9.991831e-01 3.455029e-02 2.096282e-02 1.732366e-02 -3.523881e-02 9.988203e-01 3.341258e-02 -2.133627e-02 -1.978361e-02 -3.412398e-02 9.992214e-01 -1.593377e-01
9.991691e-01 3.482653e-02 2.116876e-02 1.746195e-02 -3.552131e-02 9.988114e-01 3.337908e-02 -2.151804e-02 -1.998106e-02 -3.410328e-02 9.992182e-01 -1.609149e-01
9.991557e-01 3.500595e-02 2.150481e-02 1.759331e-02 -3.571109e-02 9.988063e-01 3.332773e-02 -2.169797e-02 -2.031241e-02 -3.406753e-02 9.992127e-01 -1.627903e-01
9.991568e-01 3.508727e-02 2.132216e-02 1.763578e-02 -3.578795e-02 9.988007e-01 3.341579e-02 -2.182654e-02 -2.012406e-02 -3.415068e-02 9.992137e-01 -1.642336e-01
9.991632e-01 3.509083e-02 2.101388e-02 1.767439e-02 -3.579233e-02 9.987811e-01 3.398966e-02 -2.190126e-02 -1.979548e-02 -3.471334e-02 9.992009e-01 -1.660199e-01
9.991797e-01 3.493739e-02 2.047772e-02 1.779386e-02 -3.562255e-02 9.987833e-01 3.410490e-02 -2.200367e-02 -1.926122e-02 -3.480640e-02 9.992080e-01 -1.681152e-01
9.991855e-01 3.502921e-02 2.003076e-02 1.791925e-02 -3.570545e-02 9.987681e-01 3.445993e-02 -2.213005e-02 -1.879892e-02 -3.514707e-02 9.992049e-01 -1.707295e-01
9.991990e-01 3.491015e-02 1.956046e-02 1.805067e-02 -3.557634e-02 9.987606e-01 3.481061e-02 -2.222990e-02 -1.832091e-02 -3.547862e-02 9.992021e-01 -1.732270e-01
9.992023e-01 3.490241e-02 1.940783e-02 1.814230e-02 -3.557111e-02 9.987454e-01 3.524731e-02 -2.236116e-02 -1.815321e-02 -3.590955e-02 9.991897e-01 -1.754704e-01
9.991942e-01 3.506226e-02 1.953594e-02 1.824502e-02 -3.573969e-02 9.987313e-01 3.547620e-02 -2.252764e-02 -1.826722e-02 -3.614582e-02 9.991791e-01 -1.777884e-01
9.991831e-01 3.530011e-02 1.967533e-02 1.834596e-02 -3.598486e-02 9.987179e-01 3.560542e-02 -2.269816e-02 -1.839315e-02 -3.628436e-02 9.991718e-01 -1.798045e-01
9.991591e-01 3.576885e-02 2.004171e-02 1.846579e-02 -3.646444e-02 9.987047e-01 3.548600e-02 -2.289080e-02 -1.874638e-02 -3.618698e-02 9.991688e-01 -1.817554e-01
9.991326e-01 3.628580e-02 2.042995e-02 1.859857e-02 -3.699161e-02 9.986920e-01 3.529796e-02 -2.312250e-02 -1.912234e-02 -3.602310e-02 9.991675e-01 -1.830452e-01
9.990940e-01 3.707853e-02 2.089020e-02 1.876251e-02 -3.779754e-02 9.986673e-01 3.514234e-02 -2.343808e-02 -1.955926e-02 -3.590011e-02 9.991635e-01 -1.843115e-01
9.990594e-01 3.794527e-02 2.098482e-02 1.892525e-02 -3.865746e-02 9.986519e-01 3.464063e-02 -2.377468e-02 -1.964199e-02 -3.541928e-02 9.991791e-01 -1.865325e-01
9.990203e-01 3.875605e-02 2.136369e-02 1.915165e-02 -3.947366e-02 9.986332e-01 3.425682e-02 -2.411902e-02 -2.000674e-02 -3.506657e-02 9.991843e-01 -1.885576e-01
9.989858e-01 3.948620e-02 2.163932e-02 1.936096e-02 -4.020396e-02 9.986196e-01 3.380167e-02 -2.437803e-02 -2.027467e-02 -3.463739e-02 9.991939e-01 -1.904206e-01
9.989512e-01 4.010348e-02 2.209244e-02 1.960358e-02 -4.083232e-02 9.986013e-01 3.358875e-02 -2.462543e-02 -2.071443e-02 -3.445561e-02 9.991911e-01 -1.921910e-01
9.989260e-01 4.059402e-02 2.233705e-02 1.976206e-02 -4.133277e-02 9.985781e-01 3.366685e-02 -2.484371e-02 -2.093852e-02 -3.455397e-02 9.991831e-01 -1.939710e-01
9.989104e-01 4.094180e-02 2.239690e-02 1.988717e-02 -4.168395e-02 9.985611e-01 3.373643e-02 -2.501043e-02 -2.098336e-02 -3.463329e-02 9.991794e-01 -1.960084e-01
9.989139e-01 4.096950e-02 2.219392e-02 1.997287e-02 -4.171869e-02 9.985366e-01 3.441312e-02 -2.509494e-02 -2.075146e-02 -3.530166e-02 9.991608e-01 -1.975087e-01
9.989215e-01 4.092253e-02 2.193305e-02 2.010126e-02 -4.167093e-02 9.985244e-01 3.482326e-02 -2.519896e-02 -2.047554e-02 -3.569970e-02 9.991524e-01 -1.991418e-01
9.989241e-01 4.097564e-02 2.171602e-02 2.021707e-02 -4.172294e-02 9.985107e-01 3.515149e-02 -2.532830e-02 -2.024324e-02 -3.601975e-02 9.991456e-01 -2.012857e-01
9.989341e-01 4.086365e-02 2.146460e-02 2.035722e-02 -4.160720e-02 9.985062e-01 3.541410e-02 -2.543251e-02 -1.998530e-02 -3.626946e-02 9.991418e-01 -2.032140e-01
9.989532e-01 4.058605e-02 2.109930e-02 2.048023e-02 -4.132541e-02 9.985017e-01 3.586830e-02 -2.551006e-02 -1.961183e-02 -3.670269e-02 9.991334e-01 -2.054418e-01
9.989728e-01 4.031384e-02 2.069091e-02 2.060859e-02 -4.104541e-02 9.985000e-01 3.623591e-02 -2.561752e-02 -1.919895e-02 -3.704795e-02 9.991288e-01 -2.075182e-01
9.989873e-01 4.017495e-02 2.025409e-02 2.073024e-02 -4.089337e-02 9.985005e-01 3.639445e-02 -2.575156e-02 -1.876147e-02 -3.718585e-02 9.991319e-01 -2.093820e-01
9.989939e-01 4.022562e-02 1.982224e-02 2.081187e-02 -4.093097e-02 9.984929e-01 3.655946e-02 -2.593433e-02 -1.832163e-02 -3.733402e-02 9.991346e-01 -2.114179e-01
9.989970e-01 4.030325e-02 1.950361e-02 2.092059e-02 -4.099388e-02 9.984960e-01 3.640519e-02 -2.613861e-02 -1.800692e-02 -3.716821e-02 9.991465e-01 -2.135925e-01
9.989896e-01 4.060791e-02 1.925120e-02 2.099929e-02 -4.128411e-02 9.984941e-01 3.612943e-02 -2.633883e-02 -1.775496e-02 -3.688769e-02 9.991614e-01 -2.156331e-01
9.989754e-01 4.105473e-02 1.903844e-02 2.109854e-02 -4.171806e-02 9.984859e-01 3.585556e-02 -2.655433e-02 -1.753748e-02 -3.661305e-02 9.991753e-01 -2.175985e-01
9.989599e-01 4.153695e-02 1.880179e-02 2.119875e-02 -4.218794e-02 9.984732e-01 3.565687e-02 -2.678060e-02 -1.729193e-02 -3.641297e-02 9.991869e-01 -2.196101e-01
9.989574e-01 4.174981e-02 1.846557e-02 2.131152e-02 -4.238476e-02 9.984726e-01 3.543817e-02 -2.700435e-02 -1.695775e-02 -3.618384e-02 9.992009e-01 -2.213992e-01
9.989528e-01 4.188727e-02 1.840122e-02 2.137538e-02 -4.251910e-02 9.984684e-01 3.539611e-02 -2.715606e-02 -1.689031e-02 -3.614142e-02 9.992036e-01 -2.232427e-01
9.989723e-01 4.180982e-02 1.749592e-02 2.144873e-02 -4.240271e-02 9.984872e-01 3.500462e-02 -2.738777e-02 -1.600584e-02 -3.571049e-02 9.992337e-01 -2.256641e-01
9.989923e-01 4.181631e-02 1.630082e-02 2.148089e-02 -4.236062e-02 9.985028e-01 3.460617e-02 -2.760104e-02 -1.482924e-02 -3.526178e-02 9.992678e-01 -2.278574e-01
9.990076e-01 4.168877e-02 1.567706e-02 2.160651e-02 -4.221281e-02 9.985050e-01 3.472351e-02 -2.773357e-02 -1.420598e-02 -3.535080e-02 9.992736e-01 -2.300842e-01
9.990362e-01 4.148140e-02 1.434667e-02 2.176582e-02 -4.195766e-02 9.985182e-01 3.465520e-02 -2.790607e-02 -1.288780e-02 -3.522373e-02 9.992960e-01 -2.325159e-01
9.990529e-01 4.129372e-02 1.370991e-02 2.188541e-02 -4.175055e-02 9.985186e-01 3.489083e-02 -2.801527e-02 -1.224875e-02 -3.543015e-02 9.992967e-01 -2.347810e-01
9.990771e-01 4.087179e-02 1.320592e-02 2.201948e-02 -4.131569e-02 9.985226e-01 3.529097e-02 -2.809552e-02 -1.174393e-02 -3.580398e-02 9.992894e-01 -2.370459e-01
9.990869e-01 4.079723e-02 1.268252e-02 2.212950e-02 -4.122673e-02 9.985127e-01 3.567529e-02 -2.819014e-02 -1.120814e-02 -3.616555e-02 9.992825e-01 -2.394862e-01
9.990813e-01 4.108104e-02 1.219390e-02 2.224476e-02 -4.149632e-02 9.984893e-01 3.601474e-02 -2.830866e-02 -1.069589e-02 -3.648763e-02 9.992764e-01 -2.419370e-01
9.990860e-01 4.114581e-02 1.157335e-02 2.233251e-02 -4.154098e-02 9.984782e-01 3.626924e-02 -2.846194e-02 -1.006333e-02 -3.671683e-02 9.992746e-01 -2.440818e-01
9.990880e-01 4.125664e-02 1.099097e-02 2.240251e-02 -4.163223e-02 9.984673e-01 3.646533e-02 -2.860219e-02 -9.469611e-03 -3.688962e-02 9.992740e-01 -2.457335e-01
9.990821e-01 4.145228e-02 1.078883e-02 2.250996e-02 -4.181961e-02 9.984621e-01 3.639155e-02 -2.881861e-02 -9.263655e-03 -3.680929e-02 9.992789e-01 -2.469688e-01
9.990780e-01 4.160603e-02 1.057418e-02 2.263937e-02 -4.196412e-02 9.984610e-01 3.625368e-02 -2.905057e-02 -9.049475e-03 -3.666393e-02 9.992862e-01 -2.482297e-01
9.990731e-01 4.174745e-02 1.047627e-02 2.272806e-02 -4.210149e-02 9.984568e-01 3.621076e-02 -2.927623e-02 -8.948335e-03 -3.661823e-02 9.992888e-01 -2.493742e-01
9.990695e-01 4.178082e-02 1.068417e-02 2.286608e-02 -4.214238e-02 9.984553e-01 3.620333e-02 -2.950966e-02 -9.154995e-03 -3.661985e-02 9.992869e-01 -2.507590e-01
9.990657e-01 4.183151e-02 1.084062e-02 2.303233e-02 -4.219876e-02 9.984530e-01 3.620222e-02 -2.973016e-02 -9.309394e-03 -3.662580e-02 9.992852e-01 -2.524239e-01
9.990754e-01 4.172927e-02 1.033140e-02 2.310913e-02 -4.208065e-02 9.984467e-01 3.651030e-02 -2.986808e-02 -8.791744e-03 -3.691124e-02 9.992794e-01 -2.534730e-01
9.990827e-01 4.171917e-02 9.644986e-03 2.317493e-02 -4.204690e-02 9.984407e-01 3.671544e-02 -3.001665e-02 -8.098144e-03 -3.708724e-02 9.992788e-01 -2.549085e-01
9.990832e-01 4.184043e-02 9.051572e-03 2.325030e-02 -4.214805e-02 9.984266e-01 3.698050e-02 -3.008106e-02 -7.489985e-03 -3.732803e-02 9.992745e-01 -2.565648e-01
9.991006e-01 4.154557e-02 8.470548e-03 2.331071e-02 -4.183386e-02 9.984283e-01 3.729000e-02 -3.011008e-02 -6.907927e-03 -3.761073e-02 9.992682e-01 -2.581656e-01
9.991299e-01 4.103991e-02 7.414154e-03 2.341785e-02 -4.128963e-02 9.984459e-01 3.742558e-02 -3.022547e-02 -5.866618e-03 -3.769908e-02 9.992715e-01 -2.604059e-01
9.991638e-01 4.037111e-02 6.463675e-03 2.349363e-02 -4.058589e-02 9.984716e-01 3.750934e-02 -3.031887e-02 -4.939429e-03 -3.774022e-02 9.992749e-01 -2.627352e-01
9.991932e-01 3.974641e-02 5.743026e-03 2.358528e-02 -3.993510e-02 9.984920e-01 3.766674e-02 -3.040118e-02 -4.237177e-03 -3.786562e-02 9.992734e-01 -2.648999e-01
9.992307e-01 3.891920e-02 4.819469e-03 2.366947e-02 -3.907467e-02 9.985130e-01 3.800977e-02 -3.050311e-02 -3.332924e-03 -3.816877e-02 9.992653e-01 -2.674853e-01
9.992602e-01 3.827851e-02 3.688470e-03 2.375020e-02 -3.839192e-02 9.985287e-01 3.829089e-02 -3.064977e-02 -2.217259e-03 -3.840411e-02 9.992594e-01 -2.698761e-01
9.992831e-01 3.777597e-02 2.484877e-03 2.387641e-02 -3.784363e-02 9.985468e-01 3.836408e-02 -3.082435e-02 -1.031959e-03 -3.843054e-02 9.992603e-01 -2.723196e-01
9.992918e-01 3.761322e-02 9.863590e-04 2.395214e-02 -3.762348e-02 9.985584e-01 3.828028e-02 -3.104911e-02 4.549731e-04 -3.829021e-02 9.992661e-01 -2.748576e-01
9.992834e-01 3.784620e-02 -4.197245e-04 2.402811e-02 -3.780298e-02 9.985613e-01 3.802710e-02 -3.124167e-02 1.858366e-03 -3.798390e-02 9.992761e-01 -2.772252e-01
9.992693e-01 3.819337e-02 -1.370170e-03 2.414205e-02 -3.811450e-02 9.985588e-01 3.777980e-02 -3.149983e-02 2.811198e-03 -3.769989e-02 9.992846e-01 -2.787881e-01
9.992558e-01 3.854057e-02 -1.522698e-03 2.432305e-02 -3.845659e-02 9.985568e-01 3.748638e-02 -3.179834e-02 2.965308e-03 -3.739984e-02 9.992955e-01 -2.805240e-01
9.992288e-01 3.919478e-02 -2.322573e-03 2.452148e-02 -3.908231e-02 9.985511e-01 3.698711e-02 -3.214978e-02 3.768972e-03 -3.686774e-02 9.993125e-01 -2.826244e-01
9.992033e-01 3.978683e-02 -3.103891e-03 2.467022e-02 -3.964769e-02 9.985489e-01 3.644044e-02 -3.244017e-02 4.549287e-03 -3.628825e-02 9.993305e-01 -2.847643e-01
9.991845e-01 4.016687e-02 -4.093542e-03 2.477621e-02 -3.999386e-02 9.985498e-01 3.603302e-02 -3.269222e-02 5.534987e-03 -3.583981e-02 9.993417e-01 -2.868736e-01
9.991659e-01 4.047647e-02 -5.381744e-03 2.491781e-02 -4.025926e-02 9.985503e-01 3.572278e-02 -3.286531e-02 6.819918e-03 -3.547620e-02 9.993467e-01 -2.889179e-01
9.991580e-01 4.056534e-02 -6.128943e-03 2.504680e-02 -4.032089e-02 9.985446e-01 3.581283e-02 -3.290036e-02 7.572827e-03 -3.553543e-02 9.993391e-01 -2.906242e-01
9.991615e-01 4.023266e-02 -7.575155e-03 2.516426e-02 -3.993765e-02 9.985624e-01 3.574678e-02 -3.299613e-02 9.002498e-03 -3.541418e-02 9.993316e-01 -2.928743e-01
9.991626e-01 4.005488e-02 -8.324626e-03 2.525919e-02 -3.973281e-02 9.985683e-01 3.581128e-02 -3.303498e-02 9.747168e-03 -3.545044e-02 9.993233e-01 -2.949174e-01
9.991773e-01 3.956326e-02 -8.896655e-03 2.540400e-02 -3.921828e-02 9.985784e-01 3.609708e-02 -3.305064e-02 1.031218e-02 -3.571835e-02 9.993081e-01 -2.968987e-01
9.991851e-01 3.924557e-02 -9.424003e-03 2.553594e-02 -3.887988e-02 9.985846e-01 3.628885e-02 -3.308861e-02 1.083491e-02 -3.589272e-02 9.992964e-01 -2.987953e-01
9.991818e-01 3.919023e-02 -9.983432e-03 2.565739e-02 -3.880233e-02 9.985808e-01 3.647778e-02 -3.313496e-02 1.139890e-02 -3.606041e-02 9.992840e-01 -3.006595e-01
9.991687e-01 3.933875e-02 -1.068834e-02 2.575528e-02 -3.892634e-02 9.985789e-01 3.639661e-02 -3.320199e-02 1.210501e-02 -3.595016e-02 9.992797e-01 -3.023747e-01
9.991474e-01 3.977892e-02 -1.103521e-02 2.589068e-02 -3.936019e-02 9.985805e-01 3.588251e-02 -3.338926e-02 1.244697e-02 -3.541743e-02 9.992946e-01 -3.036451e-01
9.991231e-01 4.039837e-02 -1.099075e-02 2.610568e-02 -3.999506e-02 9.985958e-01 3.473904e-02 -3.370169e-02 1.237880e-02 -3.426886e-02 9.993355e-01 -3.058322e-01
9.991055e-01 4.077611e-02 -1.119404e-02 2.622665e-02 -4.037390e-02 9.986032e-01 3.408151e-02 -3.392086e-02 1.256821e-02 -3.359894e-02 9.993558e-01 -3.072565e-01
9.990904e-01 4.125043e-02 -1.079544e-02 2.646534e-02 -4.087375e-02 9.986170e-01 3.306514e-02 -3.425644e-02 1.214455e-02 -3.259368e-02 9.993944e-01 -3.090850e-01
9.990773e-01 4.176672e-02 -1.000145e-02 2.682492e-02 -4.142936e-02 9.986333e-01 3.185956e-02 -3.469176e-02 1.131854e-02 -3.141567e-02 9.994418e-01 -3.115925e-01
9.990699e-01 4.211872e-02 -9.229912e-03 2.714908e-02 -4.181877e-02 9.986566e-01 3.059832e-02 -3.508877e-02 1.050637e-02 -3.018374e-02 9.994886e-01 -3.138367e-01
9.990517e-01 4.268227e-02 -8.589835e-03 2.733888e-02 -4.240443e-02 9.986412e-01 3.029225e-02 -3.527519e-02 9.871197e-03 -2.989914e-02 9.995037e-01 -3.165536e-01
9.990441e-01 4.295980e-02 -8.075831e-03 2.745571e-02 -4.269752e-02 9.986297e-01 3.026067e-02 -3.544293e-02 9.364849e-03 -2.988680e-02 9.995089e-01 -3.189597e-01
9.990256e-01 4.339880e-02 -8.006432e-03 2.758958e-02 -4.313274e-02 9.985923e-01 3.086907e-02 -3.548455e-02 9.334950e-03 -3.049352e-02 9.994909e-01 -3.212028e-01
9.990209e-01 4.345551e-02 -8.279448e-03 2.770202e-02 -4.317292e-02 9.985640e-01 3.171659e-02 -3.548356e-02 9.645928e-03 -3.132796e-02 9.994621e-01 -3.228764e-01
9.990058e-01 4.374317e-02 -8.585622e-03 2.780901e-02 -4.344830e-02 9.985439e-01 3.197292e-02 -3.552739e-02 9.971825e-03 -3.156797e-02 9.994514e-01 -3.249792e-01
9.990217e-01 4.328551e-02 -9.032292e-03 2.794960e-02 -4.297126e-02 9.985476e-01 3.249940e-02 -3.553591e-02 1.042603e-02 -3.207936e-02 9.994304e-01 -3.272679e-01
9.990524e-01 4.246495e-02 -9.526119e-03 2.808238e-02 -4.212759e-02 9.985604e-01 3.320090e-02 -3.550984e-02 1.092238e-02 -3.276800e-02 9.994028e-01 -3.295742e-01
9.990758e-01 4.179855e-02 -1.000366e-02 2.821036e-02 -4.143884e-02 9.985685e-01 3.381758e-02 -3.548630e-02 1.140296e-02 -3.337167e-02 9.993775e-01 -3.317053e-01
9.990872e-01 4.143327e-02 -1.037833e-02 2.830960e-02 -4.105750e-02 9.985734e-01 3.413627e-02 -3.545599e-02 1.177800e-02 -3.367888e-02 9.993628e-01 -3.336633e-01
9.990894e-01 4.129123e-02 -1.072923e-02 2.840347e-02 -4.089964e-02 9.985684e-01 3.447267e-02 -3.545883e-02 1.213739e-02 -3.400233e-02 9.993476e-01 -3.355430e-01
9.990719e-01 4.163826e-02 -1.101577e-02 2.846634e-02 -4.123415e-02 9.985474e-01 3.468087e-02 -3.551220e-02 1.244392e-02 -3.419433e-02 9.993372e-01 -3.375238e-01
